Read the loan amount and rate from standard input
Loan amount, monthly payments, yearly rate 28233.00  125.00    4.29
Columns are month, rate, payment, payment on principal, interest paid, and remaining
       1       4.29     125.00      24.07     100.93     28208.93
       2       4.29     125.00      24.15     100.85     28184.78
       3       4.29     125.00      24.24     100.76     28160.54
       4       4.29     125.00      24.33     100.67     28136.21
       5       4.29     125.00      24.41     100.59     28111.80
       6       4.29     125.00      24.50     100.50     28087.30
       7       4.29     125.00      24.59     100.41     28062.71
       8       4.29     125.00      24.68     100.32     28038.04
       9       4.29     125.00      24.76     100.24     28013.27
      10       4.29     125.00      24.85     100.15     27988.42
      11       4.29     125.00      24.94     100.06     27963.48
      12       4.29     125.00      25.03      99.97     27938.45
      13       4.29     125.00      25.12      99.88     27913.33
      14       4.29     125.00      25.21      99.79     27888.12
      15       4.29     125.00      25.30      99.70     27862.82
      16       4.29     125.00      25.39      99.61     27837.43
      17       4.29     125.00      25.48      99.52     27811.95
      18       4.29     125.00      25.57      99.43     27786.38
      19       4.29     125.00      25.66      99.34     27760.71
      20       4.29     125.00      25.76      99.24     27734.96
      21       4.29     125.00      25.85      99.15     27709.11
      22       4.29     125.00      25.94      99.06     27683.17
      23       4.29     125.00      26.03      98.97     27657.14
      24       4.29     125.00      26.13      98.87     27631.01
      25       4.29     125.00      26.22      98.78     27604.79
      26       4.29     125.00      26.31      98.69     27578.48
      27       4.29     125.00      26.41      98.59     27552.07
      28       4.29     125.00      26.50      98.50     27525.57
      29       4.29     125.00      26.60      98.40     27498.97
      30       4.29     125.00      26.69      98.31     27472.28
      31       4.29     125.00      26.79      98.21     27445.50
      32       4.29     125.00      26.88      98.12     27418.61
      33       4.29     125.00      26.98      98.02     27391.64
      34       4.29     125.00      27.07      97.93     27364.56
      35       4.29     125.00      27.17      97.83     27337.39
      36       4.29     125.00      27.27      97.73     27310.12
      37       4.29     125.00      27.37      97.63     27282.75
      38       4.29     125.00      27.46      97.54     27255.29
      39       4.29     125.00      27.56      97.44     27227.73
      40       4.29     125.00      27.66      97.34     27200.07
      41       4.29     125.00      27.76      97.24     27172.31
      42       4.29     125.00      27.86      97.14     27144.45
      43       4.29     125.00      27.96      97.04     27116.49
      44       4.29     125.00      28.06      96.94     27088.43
      45       4.29     125.00      28.16      96.84     27060.27
      46       4.29     125.00      28.26      96.74     27032.01
      47       4.29     125.00      28.36      96.64     27003.65
      48       4.29     125.00      28.46      96.54     26975.19
      49       4.29     125.00      28.56      96.44     26946.63
      50       4.29     125.00      28.67      96.33     26917.96
      51       4.29     125.00      28.77      96.23     26889.19
      52       4.29     125.00      28.87      96.13     26860.32
      53       4.29     125.00      28.97      96.03     26831.35
      54       4.29     125.00      29.08      95.92     26802.27
      55       4.29     125.00      29.18      95.82     26773.09
      56       4.29     125.00      29.29      95.71     26743.80
      57       4.29     125.00      29.39      95.61     26714.41
      58       4.29     125.00      29.50      95.50     26684.91
      59       4.29     125.00      29.60      95.40     26655.31
      60       4.29     125.00      29.71      95.29     26625.60
      61       4.29     125.00      29.81      95.19     26595.79
      62       4.29     125.00      29.92      95.08     26565.87
      63       4.29     125.00      30.03      94.97     26535.84
      64       4.29     125.00      30.13      94.87     26505.71
      65       4.29     125.00      30.24      94.76     26475.47
      66       4.29     125.00      30.35      94.65     26445.12
      67       4.29     125.00      30.46      94.54     26414.66
      68       4.29     125.00      30.57      94.43     26384.09
      69       4.29     125.00      30.68      94.32     26353.41
      70       4.29     125.00      30.79      94.21     26322.63
      71       4.29     125.00      30.90      94.10     26291.73
      72       4.29     125.00      31.01      93.99     26260.72
      73       4.29     125.00      31.12      93.88     26229.61
      74       4.29     125.00      31.23      93.77     26198.38
      75       4.29     125.00      31.34      93.66     26167.04
      76       4.29     125.00      31.45      93.55     26135.58
      77       4.29     125.00      31.57      93.43     26104.02
      78       4.29     125.00      31.68      93.32     26072.34
      79       4.29     125.00      31.79      93.21     26040.55
      80       4.29     125.00      31.91      93.09     26008.64
      81       4.29     125.00      32.02      92.98     25976.62
      82       4.29     125.00      32.13      92.87     25944.49
      83       4.29     125.00      32.25      92.75     25912.24
      84       4.29     125.00      32.36      92.64     25879.88
      85       4.29     125.00      32.48      92.52     25847.40
      86       4.29     125.00      32.60      92.40     25814.80
      87       4.29     125.00      32.71      92.29     25782.09
      88       4.29     125.00      32.83      92.17     25749.26
      89       4.29     125.00      32.95      92.05     25716.32
      90       4.29     125.00      33.06      91.94     25683.25
      91       4.29     125.00      33.18      91.82     25650.07
      92       4.29     125.00      33.30      91.70     25616.77
      93       4.29     125.00      33.42      91.58     25583.35
      94       4.29     125.00      33.54      91.46     25549.81
      95       4.29     125.00      33.66      91.34     25516.15
      96       4.29     125.00      33.78      91.22     25482.37
      97       4.29     125.00      33.90      91.10     25448.47
      98       4.29     125.00      34.02      90.98     25414.45
      99       4.29     125.00      34.14      90.86     25380.30
     100       4.29     125.00      34.27      90.73     25346.04
     101       4.29     125.00      34.39      90.61     25311.65
     102       4.29     125.00      34.51      90.49     25277.14
     103       4.29     125.00      34.63      90.37     25242.51
     104       4.29     125.00      34.76      90.24     25207.75
     105       4.29     125.00      34.88      90.12     25172.87
     106       4.29     125.00      35.01      89.99     25137.86
     107       4.29     125.00      35.13      89.87     25102.73
     108       4.29     125.00      35.26      89.74     25067.47
     109       4.29     125.00      35.38      89.62     25032.08
     110       4.29     125.00      35.51      89.49     24996.57
     111       4.29     125.00      35.64      89.36     24960.94
     112       4.29     125.00      35.76      89.24     24925.17
     113       4.29     125.00      35.89      89.11     24889.28
     114       4.29     125.00      36.02      88.98     24853.26
     115       4.29     125.00      36.15      88.85     24817.11
     116       4.29     125.00      36.28      88.72     24780.83
     117       4.29     125.00      36.41      88.59     24744.42
     118       4.29     125.00      36.54      88.46     24707.88
     119       4.29     125.00      36.67      88.33     24671.21
     120       4.29     125.00      36.80      88.20     24634.41
     121       4.29     125.00      36.93      88.07     24597.48
     122       4.29     125.00      37.06      87.94     24560.42
     123       4.29     125.00      37.20      87.80     24523.22
     124       4.29     125.00      37.33      87.67     24485.89
     125       4.29     125.00      37.46      87.54     24448.43
     126       4.29     125.00      37.60      87.40     24410.83
     127       4.29     125.00      37.73      87.27     24373.10
     128       4.29     125.00      37.87      87.13     24335.23
     129       4.29     125.00      38.00      87.00     24297.23
     130       4.29     125.00      38.14      86.86     24259.10
     131       4.29     125.00      38.27      86.73     24220.82
     132       4.29     125.00      38.41      86.59     24182.41
     133       4.29     125.00      38.55      86.45     24143.86
     134       4.29     125.00      38.69      86.31     24105.18
     135       4.29     125.00      38.82      86.18     24066.35
     136       4.29     125.00      38.96      86.04     24027.39
     137       4.29     125.00      39.10      85.90     23988.29
     138       4.29     125.00      39.24      85.76     23949.05
     139       4.29     125.00      39.38      85.62     23909.66
     140       4.29     125.00      39.52      85.48     23870.14
     141       4.29     125.00      39.66      85.34     23830.48
     142       4.29     125.00      39.81      85.19     23790.67
     143       4.29     125.00      39.95      85.05     23750.72
     144       4.29     125.00      40.09      84.91     23710.63
     145       4.29     125.00      40.23      84.77     23670.40
     146       4.29     125.00      40.38      84.62     23630.02
     147       4.29     125.00      40.52      84.48     23589.50
     148       4.29     125.00      40.67      84.33     23548.83
     149       4.29     125.00      40.81      84.19     23508.02
     150       4.29     125.00      40.96      84.04     23467.06
     151       4.29     125.00      41.11      83.89     23425.95
     152       4.29     125.00      41.25      83.75     23384.70
     153       4.29     125.00      41.40      83.60     23343.30
     154       4.29     125.00      41.55      83.45     23301.75
     155       4.29     125.00      41.70      83.30     23260.06
     156       4.29     125.00      41.85      83.15     23218.21
     157       4.29     125.00      41.99      83.01     23176.22
     158       4.29     125.00      42.15      82.85     23134.07
     159       4.29     125.00      42.30      82.70     23091.77
     160       4.29     125.00      42.45      82.55     23049.33
     161       4.29     125.00      42.60      82.40     23006.73
     162       4.29     125.00      42.75      82.25     22963.98
     163       4.29     125.00      42.90      82.10     22921.07
     164       4.29     125.00      43.06      81.94     22878.02
     165       4.29     125.00      43.21      81.79     22834.81
     166       4.29     125.00      43.37      81.63     22791.44
     167       4.29     125.00      43.52      81.48     22747.92
     168       4.29     125.00      43.68      81.32     22704.24
     169       4.29     125.00      43.83      81.17     22660.41
     170       4.29     125.00      43.99      81.01     22616.42
     171       4.29     125.00      44.15      80.85     22572.28
     172       4.29     125.00      44.30      80.70     22527.97
     173       4.29     125.00      44.46      80.54     22483.51
     174       4.29     125.00      44.62      80.38     22438.89
     175       4.29     125.00      44.78      80.22     22394.11
     176       4.29     125.00      44.94      80.06     22349.17
     177       4.29     125.00      45.10      79.90     22304.06
     178       4.29     125.00      45.26      79.74     22258.80
     179       4.29     125.00      45.42      79.58     22213.38
     180       4.29     125.00      45.59      79.41     22167.79
     181       4.29     125.00      45.75      79.25     22122.04
     182       4.29     125.00      45.91      79.09     22076.13
     183       4.29     125.00      46.08      78.92     22030.05
     184       4.29     125.00      46.24      78.76     21983.81
     185       4.29     125.00      46.41      78.59     21937.40
     186       4.29     125.00      46.57      78.43     21890.82
     187       4.29     125.00      46.74      78.26     21844.08
     188       4.29     125.00      46.91      78.09     21797.18
     189       4.29     125.00      47.08      77.92     21750.10
     190       4.29     125.00      47.24      77.76     21702.86
     191       4.29     125.00      47.41      77.59     21655.45
     192       4.29     125.00      47.58      77.42     21607.86
     193       4.29     125.00      47.75      77.25     21560.11
     194       4.29     125.00      47.92      77.08     21512.19
     195       4.29     125.00      48.09      76.91     21464.09
     196       4.29     125.00      48.27      76.73     21415.83
     197       4.29     125.00      48.44      76.56     21367.39
     198       4.29     125.00      48.61      76.39     21318.78
     199       4.29     125.00      48.79      76.21     21269.99
     200       4.29     125.00      48.96      76.04     21221.03
     201       4.29     125.00      49.13      75.87     21171.90
     202       4.29     125.00      49.31      75.69     21122.59
     203       4.29     125.00      49.49      75.51     21073.10
     204       4.29     125.00      49.66      75.34     21023.44
     205       4.29     125.00      49.84      75.16     20973.60
     206       4.29     125.00      50.02      74.98     20923.58
     207       4.29     125.00      50.20      74.80     20873.38
     208       4.29     125.00      50.38      74.62     20823.00
     209       4.29     125.00      50.56      74.44     20772.44
     210       4.29     125.00      50.74      74.26     20721.71
     211       4.29     125.00      50.92      74.08     20670.79
     212       4.29     125.00      51.10      73.90     20619.68
     213       4.29     125.00      51.28      73.72     20568.40
     214       4.29     125.00      51.47      73.53     20516.93
     215       4.29     125.00      51.65      73.35     20465.28
     216       4.29     125.00      51.84      73.16     20413.44
     217       4.29     125.00      52.02      72.98     20361.42
     218       4.29     125.00      52.21      72.79     20309.21
     219       4.29     125.00      52.39      72.61     20256.82
     220       4.29     125.00      52.58      72.42     20204.24
     221       4.29     125.00      52.77      72.23     20151.47
     222       4.29     125.00      52.96      72.04     20098.51
     223       4.29     125.00      53.15      71.85     20045.36
     224       4.29     125.00      53.34      71.66     19992.02
     225       4.29     125.00      53.53      71.47     19938.49
     226       4.29     125.00      53.72      71.28     19884.77
     227       4.29     125.00      53.91      71.09     19830.86
     228       4.29     125.00      54.10      70.90     19776.76
     229       4.29     125.00      54.30      70.70     19722.46
     230       4.29     125.00      54.49      70.51     19667.97
     231       4.29     125.00      54.69      70.31     19613.28
     232       4.29     125.00      54.88      70.12     19558.40
     233       4.29     125.00      55.08      69.92     19503.32
     234       4.29     125.00      55.28      69.72     19448.04
     235       4.29     125.00      55.47      69.53     19392.57
     236       4.29     125.00      55.67      69.33     19336.90
     237       4.29     125.00      55.87      69.13     19281.03
     238       4.29     125.00      56.07      68.93     19224.96
     239       4.29     125.00      56.27      68.73     19168.69
     240       4.29     125.00      56.47      68.53     19112.21
     241       4.29     125.00      56.67      68.33     19055.54
     242       4.29     125.00      56.88      68.12     18998.66
     243       4.29     125.00      57.08      67.92     18941.58
     244       4.29     125.00      57.28      67.72     18884.30
     245       4.29     125.00      57.49      67.51     18826.81
     246       4.29     125.00      57.69      67.31     18769.12
     247       4.29     125.00      57.90      67.10     18711.22
     248       4.29     125.00      58.11      66.89     18653.11
     249       4.29     125.00      58.32      66.68     18594.79
     250       4.29     125.00      58.52      66.48     18536.27
     251       4.29     125.00      58.73      66.27     18477.54
     252       4.29     125.00      58.94      66.06     18418.60
     253       4.29     125.00      59.15      65.85     18359.44
     254       4.29     125.00      59.36      65.64     18300.08
     255       4.29     125.00      59.58      65.42     18240.50
     256       4.29     125.00      59.79      65.21     18180.71
     257       4.29     125.00      60.00      65.00     18120.71
     258       4.29     125.00      60.22      64.78     18060.49
     259       4.29     125.00      60.43      64.57     18000.05
     260       4.29     125.00      60.65      64.35     17939.40
     261       4.29     125.00      60.87      64.13     17878.54
     262       4.29     125.00      61.08      63.92     17817.45
     263       4.29     125.00      61.30      63.70     17756.15
     264       4.29     125.00      61.52      63.48     17694.63
     265       4.29     125.00      61.74      63.26     17632.89
     266       4.29     125.00      61.96      63.04     17570.92
     267       4.29     125.00      62.18      62.82     17508.74
     268       4.29     125.00      62.41      62.59     17446.33
     269       4.29     125.00      62.63      62.37     17383.70
     270       4.29     125.00      62.85      62.15     17320.85
     271       4.29     125.00      63.08      61.92     17257.77
     272       4.29     125.00      63.30      61.70     17194.47
     273       4.29     125.00      63.53      61.47     17130.94
     274       4.29     125.00      63.76      61.24     17067.18
     275       4.29     125.00      63.98      61.02     17003.20
     276       4.29     125.00      64.21      60.79     16938.98
     277       4.29     125.00      64.44      60.56     16874.54
     278       4.29     125.00      64.67      60.33     16809.87
     279       4.29     125.00      64.90      60.10     16744.96
     280       4.29     125.00      65.14      59.86     16679.83
     281       4.29     125.00      65.37      59.63     16614.46
     282       4.29     125.00      65.60      59.40     16548.85
     283       4.29     125.00      65.84      59.16     16483.02
     284       4.29     125.00      66.07      58.93     16416.94
     285       4.29     125.00      66.31      58.69     16350.63
     286       4.29     125.00      66.55      58.45     16284.09
     287       4.29     125.00      66.78      58.22     16217.30
     288       4.29     125.00      67.02      57.98     16150.28
     289       4.29     125.00      67.26      57.74     16083.02
     290       4.29     125.00      67.50      57.50     16015.51
     291       4.29     125.00      67.74      57.26     15947.77
     292       4.29     125.00      67.99      57.01     15879.78
     293       4.29     125.00      68.23      56.77     15811.55
     294       4.29     125.00      68.47      56.53     15743.08
     295       4.29     125.00      68.72      56.28     15674.36
     296       4.29     125.00      68.96      56.04     15605.40
     297       4.29     125.00      69.21      55.79     15536.19
     298       4.29     125.00      69.46      55.54     15466.73
     299       4.29     125.00      69.71      55.29     15397.02
     300       4.29     125.00      69.96      55.04     15327.07
     301       4.29     125.00      70.21      54.79     15256.86
     302       4.29     125.00      70.46      54.54     15186.40
     303       4.29     125.00      70.71      54.29     15115.69
     304       4.29     125.00      70.96      54.04     15044.73
     305       4.29     125.00      71.22      53.78     14973.52
     306       4.29     125.00      71.47      53.53     14902.05
     307       4.29     125.00      71.73      53.27     14830.32
     308       4.29     125.00      71.98      53.02     14758.34
     309       4.29     125.00      72.24      52.76     14686.10
     310       4.29     125.00      72.50      52.50     14613.60
     311       4.29     125.00      72.76      52.24     14540.85
     312       4.29     125.00      73.02      51.98     14467.83
     313       4.29     125.00      73.28      51.72     14394.55
     314       4.29     125.00      73.54      51.46     14321.02
     315       4.29     125.00      73.80      51.20     14247.21
     316       4.29     125.00      74.07      50.93     14173.15
     317       4.29     125.00      74.33      50.67     14098.82
     318       4.29     125.00      74.60      50.40     14024.22
     319       4.29     125.00      74.86      50.14     13949.36
     320       4.29     125.00      75.13      49.87     13874.22
     321       4.29     125.00      75.40      49.60     13798.82
     322       4.29     125.00      75.67      49.33     13723.16
     323       4.29     125.00      75.94      49.06     13647.22
     324       4.29     125.00      76.21      48.79     13571.00
     325       4.29     125.00      76.48      48.52     13494.52
     326       4.29     125.00      76.76      48.24     13417.76
     327       4.29     125.00      77.03      47.97     13340.73
     328       4.29     125.00      77.31      47.69     13263.43
     329       4.29     125.00      77.58      47.42     13185.84
     330       4.29     125.00      77.86      47.14     13107.98
     331       4.29     125.00      78.14      46.86     13029.84
     332       4.29     125.00      78.42      46.58     12951.42
     333       4.29     125.00      78.70      46.30     12872.73
     334       4.29     125.00      78.98      46.02     12793.75
     335       4.29     125.00      79.26      45.74     12714.48
     336       4.29     125.00      79.55      45.45     12634.94
     337       4.29     125.00      79.83      45.17     12555.11
     338       4.29     125.00      80.12      44.88     12474.99
     339       4.29     125.00      80.40      44.60     12394.59
     340       4.29     125.00      80.69      44.31     12313.90
     341       4.29     125.00      80.98      44.02     12232.92
     342       4.29     125.00      81.27      43.73     12151.66
     343       4.29     125.00      81.56      43.44     12070.10
     344       4.29     125.00      81.85      43.15     11988.25
     345       4.29     125.00      82.14      42.86     11906.11
     346       4.29     125.00      82.44      42.56     11823.67
     347       4.29     125.00      82.73      42.27     11740.94
     348       4.29     125.00      83.03      41.97     11657.91
     349       4.29     125.00      83.32      41.68     11574.59
     350       4.29     125.00      83.62      41.38     11490.97
     351       4.29     125.00      83.92      41.08     11407.05
     352       4.29     125.00      84.22      40.78     11322.83
     353       4.29     125.00      84.52      40.48     11238.31
     354       4.29     125.00      84.82      40.18     11153.49
     355       4.29     125.00      85.13      39.87     11068.36
     356       4.29     125.00      85.43      39.57     10982.93
     357       4.29     125.00      85.74      39.26     10897.19
     358       4.29     125.00      86.04      38.96     10811.15
     359       4.29     125.00      86.35      38.65     10724.80
     360       4.29     125.00      86.66      38.34     10638.14
     361       4.29     125.00      86.97      38.03     10551.17
     362       4.29     125.00      87.28      37.72     10463.89
     363       4.29     125.00      87.59      37.41     10376.30
     364       4.29     125.00      87.90      37.10     10288.40
     365       4.29     125.00      88.22      36.78     10200.18
     366       4.29     125.00      88.53      36.47     10111.64
     367       4.29     125.00      88.85      36.15     10022.79
     368       4.29     125.00      89.17      35.83      9933.63
     369       4.29     125.00      89.49      35.51      9844.14
     370       4.29     125.00      89.81      35.19      9754.33
     371       4.29     125.00      90.13      34.87      9664.20
     372       4.29     125.00      90.45      34.55      9573.75
     373       4.29     125.00      90.77      34.23      9482.98
     374       4.29     125.00      91.10      33.90      9391.88
     375       4.29     125.00      91.42      33.58      9300.46
     376       4.29     125.00      91.75      33.25      9208.70
     377       4.29     125.00      92.08      32.92      9116.63
     378       4.29     125.00      92.41      32.59      9024.22
     379       4.29     125.00      92.74      32.26      8931.48
     380       4.29     125.00      93.07      31.93      8838.41
     381       4.29     125.00      93.40      31.60      8745.01
     382       4.29     125.00      93.74      31.26      8651.27
     383       4.29     125.00      94.07      30.93      8557.20
     384       4.29     125.00      94.41      30.59      8462.79
     385       4.29     125.00      94.75      30.25      8368.05
     386       4.29     125.00      95.08      29.92      8272.96
     387       4.29     125.00      95.42      29.58      8177.54
     388       4.29     125.00      95.77      29.23      8081.77
     389       4.29     125.00      96.11      28.89      7985.66
     390       4.29     125.00      96.45      28.55      7889.21
     391       4.29     125.00      96.80      28.20      7792.42
     392       4.29     125.00      97.14      27.86      7695.27
     393       4.29     125.00      97.49      27.51      7597.78
     394       4.29     125.00      97.84      27.16      7499.95
     395       4.29     125.00      98.19      26.81      7401.76
     396       4.29     125.00      98.54      26.46      7303.22
     397       4.29     125.00      98.89      26.11      7204.33
     398       4.29     125.00      99.24      25.76      7105.09
     399       4.29     125.00      99.60      25.40      7005.49
     400       4.29     125.00      99.96      25.04      6905.53
     401       4.29     125.00     100.31      24.69      6805.22
     402       4.29     125.00     100.67      24.33      6704.55
     403       4.29     125.00     101.03      23.97      6603.51
     404       4.29     125.00     101.39      23.61      6502.12
     405       4.29     125.00     101.75      23.25      6400.37
     406       4.29     125.00     102.12      22.88      6298.25
     407       4.29     125.00     102.48      22.52      6195.77
     408       4.29     125.00     102.85      22.15      6092.92
     409       4.29     125.00     103.22      21.78      5989.70
     410       4.29     125.00     103.59      21.41      5886.11
     411       4.29     125.00     103.96      21.04      5782.15
     412       4.29     125.00     104.33      20.67      5677.82
     413       4.29     125.00     104.70      20.30      5573.12
     414       4.29     125.00     105.08      19.92      5468.05
     415       4.29     125.00     105.45      19.55      5362.59
     416       4.29     125.00     105.83      19.17      5256.77
     417       4.29     125.00     106.21      18.79      5150.56
     418       4.29     125.00     106.59      18.41      5043.97
     419       4.29     125.00     106.97      18.03      4937.00
     420       4.29     125.00     107.35      17.65      4829.65
     421       4.29     125.00     107.73      17.27      4721.92
     422       4.29     125.00     108.12      16.88      4613.80
     423       4.29     125.00     108.51      16.49      4505.30
     424       4.29     125.00     108.89      16.11      4396.40
     425       4.29     125.00     109.28      15.72      4287.12
     426       4.29     125.00     109.67      15.33      4177.45
     427       4.29     125.00     110.07      14.93      4067.38
     428       4.29     125.00     110.46      14.54      3956.92
     429       4.29     125.00     110.85      14.15      3846.07
     430       4.29     125.00     111.25      13.75      3734.82
     431       4.29     125.00     111.65      13.35      3623.17
     432       4.29     125.00     112.05      12.95      3511.12
     433       4.29     125.00     112.45      12.55      3398.67
     434       4.29     125.00     112.85      12.15      3285.82
     435       4.29     125.00     113.25      11.75      3172.57
     436       4.29     125.00     113.66      11.34      3058.91
     437       4.29     125.00     114.06      10.94      2944.85
     438       4.29     125.00     114.47      10.53      2830.38
     439       4.29     125.00     114.88      10.12      2715.49
     440       4.29     125.00     115.29       9.71      2600.20
     441       4.29     125.00     115.70       9.30      2484.50
     442       4.29     125.00     116.12       8.88      2368.38
     443       4.29     125.00     116.53       8.47      2251.85
     444       4.29     125.00     116.95       8.05      2134.90
     445       4.29     125.00     117.37       7.63      2017.53
     446       4.29     125.00     117.79       7.21      1899.74
     447       4.29     125.00     118.21       6.79      1781.53
     448       4.29     125.00     118.63       6.37      1662.90
     449       4.29     125.00     119.06       5.94      1543.85
     450       4.29     125.00     119.48       5.52      1424.37
     451       4.29     125.00     119.91       5.09      1304.46
     452       4.29     125.00     120.34       4.66      1184.12
     453       4.29     125.00     120.77       4.23      1063.36
     454       4.29     125.00     121.20       3.80       942.16
     455       4.29     125.00     121.63       3.37       820.53
     456       4.29     125.00     122.07       2.93       698.46
     457       4.29     125.00     122.50       2.50       575.96
     458       4.29     125.00     122.94       2.06       453.02
     459       4.29     125.00     123.38       1.62       329.63
     460       4.29     125.00     123.82       1.18       205.81
     461       4.29     125.00     124.26       0.74        81.55
     462       4.29     125.00     124.71       0.29       -43.16
Payoff takes      462 months

Loan amount, monthly payments, yearly rate 28233.00  150.00    4.29
Columns are month, rate, payment, payment on principal, interest paid, and remaining
       1       4.29     150.00      49.07     100.93     28183.93
       2       4.29     150.00      49.24     100.76     28134.69
       3       4.29     150.00      49.42     100.58     28085.27
       4       4.29     150.00      49.60     100.40     28035.68
       5       4.29     150.00      49.77     100.23     27985.90
       6       4.29     150.00      49.95     100.05     27935.95
       7       4.29     150.00      50.13      99.87     27885.83
       8       4.29     150.00      50.31      99.69     27835.52
       9       4.29     150.00      50.49      99.51     27785.03
      10       4.29     150.00      50.67      99.33     27734.36
      11       4.29     150.00      50.85      99.15     27683.51
      12       4.29     150.00      51.03      98.97     27632.48
      13       4.29     150.00      51.21      98.79     27581.27
      14       4.29     150.00      51.40      98.60     27529.87
      15       4.29     150.00      51.58      98.42     27478.29
      16       4.29     150.00      51.77      98.23     27426.52
      17       4.29     150.00      51.95      98.05     27374.57
      18       4.29     150.00      52.14      97.86     27322.44
      19       4.29     150.00      52.32      97.68     27270.11
      20       4.29     150.00      52.51      97.49     27217.60
      21       4.29     150.00      52.70      97.30     27164.91
      22       4.29     150.00      52.89      97.11     27112.02
      23       4.29     150.00      53.07      96.93     27058.95
      24       4.29     150.00      53.26      96.74     27005.68
      25       4.29     150.00      53.45      96.55     26952.23
      26       4.29     150.00      53.65      96.35     26898.58
      27       4.29     150.00      53.84      96.16     26844.75
      28       4.29     150.00      54.03      95.97     26790.72
      29       4.29     150.00      54.22      95.78     26736.49
      30       4.29     150.00      54.42      95.58     26682.08
      31       4.29     150.00      54.61      95.39     26627.46
      32       4.29     150.00      54.81      95.19     26572.66
      33       4.29     150.00      55.00      95.00     26517.65
      34       4.29     150.00      55.20      94.80     26462.45
      35       4.29     150.00      55.40      94.60     26407.06
      36       4.29     150.00      55.59      94.41     26351.46
      37       4.29     150.00      55.79      94.21     26295.67
      38       4.29     150.00      55.99      94.01     26239.68
      39       4.29     150.00      56.19      93.81     26183.48
      40       4.29     150.00      56.39      93.61     26127.09
      41       4.29     150.00      56.60      93.40     26070.49
      42       4.29     150.00      56.80      93.20     26013.70
      43       4.29     150.00      57.00      93.00     25956.69
      44       4.29     150.00      57.20      92.80     25899.49
      45       4.29     150.00      57.41      92.59     25842.08
      46       4.29     150.00      57.61      92.39     25784.47
      47       4.29     150.00      57.82      92.18     25726.65
      48       4.29     150.00      58.03      91.97     25668.62
      49       4.29     150.00      58.23      91.77     25610.38
      50       4.29     150.00      58.44      91.56     25551.94
      51       4.29     150.00      58.65      91.35     25493.29
      52       4.29     150.00      58.86      91.14     25434.43
      53       4.29     150.00      59.07      90.93     25375.36
      54       4.29     150.00      59.28      90.72     25316.07
      55       4.29     150.00      59.50      90.50     25256.58
      56       4.29     150.00      59.71      90.29     25196.87
      57       4.29     150.00      59.92      90.08     25136.95
      58       4.29     150.00      60.14      89.86     25076.81
      59       4.29     150.00      60.35      89.65     25016.46
      60       4.29     150.00      60.57      89.43     24955.90
      61       4.29     150.00      60.78      89.22     24895.11
      62       4.29     150.00      61.00      89.00     24834.11
      63       4.29     150.00      61.22      88.78     24772.90
      64       4.29     150.00      61.44      88.56     24711.46
      65       4.29     150.00      61.66      88.34     24649.80
      66       4.29     150.00      61.88      88.12     24587.93
      67       4.29     150.00      62.10      87.90     24525.83
      68       4.29     150.00      62.32      87.68     24463.51
      69       4.29     150.00      62.54      87.46     24400.96
      70       4.29     150.00      62.77      87.23     24338.20
      71       4.29     150.00      62.99      87.01     24275.21
      72       4.29     150.00      63.22      86.78     24211.99
      73       4.29     150.00      63.44      86.56     24148.55
      74       4.29     150.00      63.67      86.33     24084.88
      75       4.29     150.00      63.90      86.10     24020.98
      76       4.29     150.00      64.12      85.88     23956.86
      77       4.29     150.00      64.35      85.65     23892.50
      78       4.29     150.00      64.58      85.42     23827.92
      79       4.29     150.00      64.82      85.18     23763.10
      80       4.29     150.00      65.05      84.95     23698.06
      81       4.29     150.00      65.28      84.72     23632.78
      82       4.29     150.00      65.51      84.49     23567.27
      83       4.29     150.00      65.75      84.25     23501.52
      84       4.29     150.00      65.98      84.02     23435.54
      85       4.29     150.00      66.22      83.78     23369.32
      86       4.29     150.00      66.45      83.55     23302.86
      87       4.29     150.00      66.69      83.31     23236.17
      88       4.29     150.00      66.93      83.07     23169.24
      89       4.29     150.00      67.17      82.83     23102.07
      90       4.29     150.00      67.41      82.59     23034.66
      91       4.29     150.00      67.65      82.35     22967.01
      92       4.29     150.00      67.89      82.11     22899.12
      93       4.29     150.00      68.14      81.86     22830.98
      94       4.29     150.00      68.38      81.62     22762.60
      95       4.29     150.00      68.62      81.38     22693.98
      96       4.29     150.00      68.87      81.13     22625.11
      97       4.29     150.00      69.12      80.88     22555.99
      98       4.29     150.00      69.36      80.64     22486.63
      99       4.29     150.00      69.61      80.39     22417.02
     100       4.29     150.00      69.86      80.14     22347.16
     101       4.29     150.00      70.11      79.89     22277.05
     102       4.29     150.00      70.36      79.64     22206.69
     103       4.29     150.00      70.61      79.39     22136.08
     104       4.29     150.00      70.86      79.14     22065.22
     105       4.29     150.00      71.12      78.88     21994.10
     106       4.29     150.00      71.37      78.63     21922.73
     107       4.29     150.00      71.63      78.37     21851.10
     108       4.29     150.00      71.88      78.12     21779.22
     109       4.29     150.00      72.14      77.86     21707.08
     110       4.29     150.00      72.40      77.60     21634.69
     111       4.29     150.00      72.66      77.34     21562.03
     112       4.29     150.00      72.92      77.08     21489.11
     113       4.29     150.00      73.18      76.82     21415.94
     114       4.29     150.00      73.44      76.56     21342.50
     115       4.29     150.00      73.70      76.30     21268.80
     116       4.29     150.00      73.96      76.04     21194.83
     117       4.29     150.00      74.23      75.77     21120.61
     118       4.29     150.00      74.49      75.51     21046.11
     119       4.29     150.00      74.76      75.24     20971.35
     120       4.29     150.00      75.03      74.97     20896.33
     121       4.29     150.00      75.30      74.70     20821.03
     122       4.29     150.00      75.56      74.44     20745.46
     123       4.29     150.00      75.83      74.17     20669.63
     124       4.29     150.00      76.11      73.89     20593.52
     125       4.29     150.00      76.38      73.62     20517.15
     126       4.29     150.00      76.65      73.35     20440.49
     127       4.29     150.00      76.93      73.07     20363.57
     128       4.29     150.00      77.20      72.80     20286.37
     129       4.29     150.00      77.48      72.52     20208.89
     130       4.29     150.00      77.75      72.25     20131.14
     131       4.29     150.00      78.03      71.97     20053.11
     132       4.29     150.00      78.31      71.69     19974.80
     133       4.29     150.00      78.59      71.41     19896.21
     134       4.29     150.00      78.87      71.13     19817.34
     135       4.29     150.00      79.15      70.85     19738.18
     136       4.29     150.00      79.44      70.56     19658.75
     137       4.29     150.00      79.72      70.28     19579.03
     138       4.29     150.00      80.00      70.00     19499.02
     139       4.29     150.00      80.29      69.71     19418.73
     140       4.29     150.00      80.58      69.42     19338.15
     141       4.29     150.00      80.87      69.13     19257.29
     142       4.29     150.00      81.16      68.84     19176.13
     143       4.29     150.00      81.45      68.55     19094.69
     144       4.29     150.00      81.74      68.26     19012.95
     145       4.29     150.00      82.03      67.97     18930.92
     146       4.29     150.00      82.32      67.68     18848.60
     147       4.29     150.00      82.62      67.38     18765.98
     148       4.29     150.00      82.91      67.09     18683.07
     149       4.29     150.00      83.21      66.79     18599.86
     150       4.29     150.00      83.51      66.49     18516.36
     151       4.29     150.00      83.80      66.20     18432.55
     152       4.29     150.00      84.10      65.90     18348.45
     153       4.29     150.00      84.40      65.60     18264.05
     154       4.29     150.00      84.71      65.29     18179.34
     155       4.29     150.00      85.01      64.99     18094.33
     156       4.29     150.00      85.31      64.69     18009.02
     157       4.29     150.00      85.62      64.38     17923.40
     158       4.29     150.00      85.92      64.08     17837.48
     159       4.29     150.00      86.23      63.77     17751.25
     160       4.29     150.00      86.54      63.46     17664.71
     161       4.29     150.00      86.85      63.15     17577.86
     162       4.29     150.00      87.16      62.84     17490.70
     163       4.29     150.00      87.47      62.53     17403.23
     164       4.29     150.00      87.78      62.22     17315.45
     165       4.29     150.00      88.10      61.90     17227.35
     166       4.29     150.00      88.41      61.59     17138.94
     167       4.29     150.00      88.73      61.27     17050.21
     168       4.29     150.00      89.05      60.95     16961.16
     169       4.29     150.00      89.36      60.64     16871.80
     170       4.29     150.00      89.68      60.32     16782.11
     171       4.29     150.00      90.00      60.00     16692.11
     172       4.29     150.00      90.33      59.67     16601.78
     173       4.29     150.00      90.65      59.35     16511.14
     174       4.29     150.00      90.97      59.03     16420.16
     175       4.29     150.00      91.30      58.70     16328.87
     176       4.29     150.00      91.62      58.38     16237.24
     177       4.29     150.00      91.95      58.05     16145.29
     178       4.29     150.00      92.28      57.72     16053.01
     179       4.29     150.00      92.61      57.39     15960.40
     180       4.29     150.00      92.94      57.06     15867.46
     181       4.29     150.00      93.27      56.73     15774.18
     182       4.29     150.00      93.61      56.39     15680.58
     183       4.29     150.00      93.94      56.06     15586.63
     184       4.29     150.00      94.28      55.72     15492.36
     185       4.29     150.00      94.61      55.39     15397.74
     186       4.29     150.00      94.95      55.05     15302.79
     187       4.29     150.00      95.29      54.71     15207.50
     188       4.29     150.00      95.63      54.37     15111.86
     189       4.29     150.00      95.98      54.02     15015.89
     190       4.29     150.00      96.32      53.68     14919.57
     191       4.29     150.00      96.66      53.34     14822.91
     192       4.29     150.00      97.01      52.99     14725.90
     193       4.29     150.00      97.35      52.65     14628.54
     194       4.29     150.00      97.70      52.30     14530.84
     195       4.29     150.00      98.05      51.95     14432.79
     196       4.29     150.00      98.40      51.60     14334.39
     197       4.29     150.00      98.75      51.25     14235.63
     198       4.29     150.00      99.11      50.89     14136.52
     199       4.29     150.00      99.46      50.54     14037.06
     200       4.29     150.00      99.82      50.18     13937.24
     201       4.29     150.00     100.17      49.83     13837.07
     202       4.29     150.00     100.53      49.47     13736.54
     203       4.29     150.00     100.89      49.11     13635.65
     204       4.29     150.00     101.25      48.75     13534.39
     205       4.29     150.00     101.61      48.39     13432.78
     206       4.29     150.00     101.98      48.02     13330.80
     207       4.29     150.00     102.34      47.66     13228.46
     208       4.29     150.00     102.71      47.29     13125.75
     209       4.29     150.00     103.08      46.92     13022.67
     210       4.29     150.00     103.44      46.56     12919.23
     211       4.29     150.00     103.81      46.19     12815.42
     212       4.29     150.00     104.18      45.82     12711.23
     213       4.29     150.00     104.56      45.44     12606.67
     214       4.29     150.00     104.93      45.07     12501.74
     215       4.29     150.00     105.31      44.69     12396.44
     216       4.29     150.00     105.68      44.32     12290.75
     217       4.29     150.00     106.06      43.94     12184.69
     218       4.29     150.00     106.44      43.56     12078.25
     219       4.29     150.00     106.82      43.18     11971.43
     220       4.29     150.00     107.20      42.80     11864.23
     221       4.29     150.00     107.59      42.41     11756.65
     222       4.29     150.00     107.97      42.03     11648.68
     223       4.29     150.00     108.36      41.64     11540.32
     224       4.29     150.00     108.74      41.26     11431.58
     225       4.29     150.00     109.13      40.87     11322.44
     226       4.29     150.00     109.52      40.48     11212.92
     227       4.29     150.00     109.91      40.09     11103.01
     228       4.29     150.00     110.31      39.69     10992.70
     229       4.29     150.00     110.70      39.30     10882.00
     230       4.29     150.00     111.10      38.90     10770.90
     231       4.29     150.00     111.49      38.51     10659.41
     232       4.29     150.00     111.89      38.11     10547.52
     233       4.29     150.00     112.29      37.71     10435.22
     234       4.29     150.00     112.69      37.31     10322.53
     235       4.29     150.00     113.10      36.90     10209.43
     236       4.29     150.00     113.50      36.50     10095.93
     237       4.29     150.00     113.91      36.09      9982.03
     238       4.29     150.00     114.31      35.69      9867.71
     239       4.29     150.00     114.72      35.28      9752.99
     240       4.29     150.00     115.13      34.87      9637.86
     241       4.29     150.00     115.54      34.46      9522.31
     242       4.29     150.00     115.96      34.04      9406.35
     243       4.29     150.00     116.37      33.63      9289.98
     244       4.29     150.00     116.79      33.21      9173.19
     245       4.29     150.00     117.21      32.79      9055.99
     246       4.29     150.00     117.62      32.38      8938.36
     247       4.29     150.00     118.05      31.95      8820.32
     248       4.29     150.00     118.47      31.53      8701.85
     249       4.29     150.00     118.89      31.11      8582.96
     250       4.29     150.00     119.32      30.68      8463.64
     251       4.29     150.00     119.74      30.26      8343.90
     252       4.29     150.00     120.17      29.83      8223.73
     253       4.29     150.00     120.60      29.40      8103.13
     254       4.29     150.00     121.03      28.97      7982.10
     255       4.29     150.00     121.46      28.54      7860.63
     256       4.29     150.00     121.90      28.10      7738.74
     257       4.29     150.00     122.33      27.67      7616.40
     258       4.29     150.00     122.77      27.23      7493.63
     259       4.29     150.00     123.21      26.79      7370.42
     260       4.29     150.00     123.65      26.35      7246.77
     261       4.29     150.00     124.09      25.91      7122.68
     262       4.29     150.00     124.54      25.46      6998.14
     263       4.29     150.00     124.98      25.02      6873.16
     264       4.29     150.00     125.43      24.57      6747.73
     265       4.29     150.00     125.88      24.12      6621.85
     266       4.29     150.00     126.33      23.67      6495.53
     267       4.29     150.00     126.78      23.22      6368.75
     268       4.29     150.00     127.23      22.77      6241.52
     269       4.29     150.00     127.69      22.31      6113.83
     270       4.29     150.00     128.14      21.86      5985.69
     271       4.29     150.00     128.60      21.40      5857.08
     272       4.29     150.00     129.06      20.94      5728.02
     273       4.29     150.00     129.52      20.48      5598.50
     274       4.29     150.00     129.99      20.01      5468.52
     275       4.29     150.00     130.45      19.55      5338.07
     276       4.29     150.00     130.92      19.08      5207.15
     277       4.29     150.00     131.38      18.62      5075.77
     278       4.29     150.00     131.85      18.15      4943.91
     279       4.29     150.00     132.33      17.67      4811.59
     280       4.29     150.00     132.80      17.20      4678.79
     281       4.29     150.00     133.27      16.73      4545.51
     282       4.29     150.00     133.75      16.25      4411.76
     283       4.29     150.00     134.23      15.77      4277.54
     284       4.29     150.00     134.71      15.29      4142.83
     285       4.29     150.00     135.19      14.81      4007.64
     286       4.29     150.00     135.67      14.33      3871.97
     287       4.29     150.00     136.16      13.84      3735.81
     288       4.29     150.00     136.64      13.36      3599.16
     289       4.29     150.00     137.13      12.87      3462.03
     290       4.29     150.00     137.62      12.38      3324.41
     291       4.29     150.00     138.12      11.88      3186.29
     292       4.29     150.00     138.61      11.39      3047.68
     293       4.29     150.00     139.10      10.90      2908.58
     294       4.29     150.00     139.60      10.40      2768.98
     295       4.29     150.00     140.10       9.90      2628.88
     296       4.29     150.00     140.60       9.40      2488.27
     297       4.29     150.00     141.10       8.90      2347.17
     298       4.29     150.00     141.61       8.39      2205.56
     299       4.29     150.00     142.12       7.88      2063.45
     300       4.29     150.00     142.62       7.38      1920.82
     301       4.29     150.00     143.13       6.87      1777.69
     302       4.29     150.00     143.64       6.36      1634.04
     303       4.29     150.00     144.16       5.84      1489.89
     304       4.29     150.00     144.67       5.33      1345.21
     305       4.29     150.00     145.19       4.81      1200.02
     306       4.29     150.00     145.71       4.29      1054.31
     307       4.29     150.00     146.23       3.77       908.08
     308       4.29     150.00     146.75       3.25       761.33
     309       4.29     150.00     147.28       2.72       614.05
     310       4.29     150.00     147.80       2.20       466.24
     311       4.29     150.00     148.33       1.67       317.91
     312       4.29     150.00     148.86       1.14       169.05
     313       4.29     150.00     149.40       0.60        19.65
     314       4.29     150.00     149.93       0.07      -130.28
Payoff takes      314 months

Loan amount, monthly payments, yearly rate 28233.00  175.00    4.29
Columns are month, rate, payment, payment on principal, interest paid, and remaining
       1       4.29     175.00      74.07     100.93     28158.93
       2       4.29     175.00      74.33     100.67     28084.60
       3       4.29     175.00      74.60     100.40     28010.00
       4       4.29     175.00      74.86     100.14     27935.14
       5       4.29     175.00      75.13      99.87     27860.01
       6       4.29     175.00      75.40      99.60     27784.61
       7       4.29     175.00      75.67      99.33     27708.94
       8       4.29     175.00      75.94      99.06     27633.00
       9       4.29     175.00      76.21      98.79     27556.78
      10       4.29     175.00      76.48      98.52     27480.30
      11       4.29     175.00      76.76      98.24     27403.54
      12       4.29     175.00      77.03      97.97     27326.51
      13       4.29     175.00      77.31      97.69     27249.20
      14       4.29     175.00      77.58      97.42     27171.62
      15       4.29     175.00      77.86      97.14     27093.76
      16       4.29     175.00      78.14      96.86     27015.62
      17       4.29     175.00      78.42      96.58     26937.20
      18       4.29     175.00      78.70      96.30     26858.50
      19       4.29     175.00      78.98      96.02     26779.52
      20       4.29     175.00      79.26      95.74     26700.25
      21       4.29     175.00      79.55      95.45     26620.71
      22       4.29     175.00      79.83      95.17     26540.88
      23       4.29     175.00      80.12      94.88     26460.76
      24       4.29     175.00      80.40      94.60     26380.36
      25       4.29     175.00      80.69      94.31     26299.67
      26       4.29     175.00      80.98      94.02     26218.69
      27       4.29     175.00      81.27      93.73     26137.42
      28       4.29     175.00      81.56      93.44     26055.86
      29       4.29     175.00      81.85      93.15     25974.01
      30       4.29     175.00      82.14      92.86     25891.87
      31       4.29     175.00      82.44      92.56     25809.43
      32       4.29     175.00      82.73      92.27     25726.70
      33       4.29     175.00      83.03      91.97     25643.67
      34       4.29     175.00      83.32      91.68     25560.35
      35       4.29     175.00      83.62      91.38     25476.73
      36       4.29     175.00      83.92      91.08     25392.81
      37       4.29     175.00      84.22      90.78     25308.59
      38       4.29     175.00      84.52      90.48     25224.06
      39       4.29     175.00      84.82      90.18     25139.24
      40       4.29     175.00      85.13      89.87     25054.11
      41       4.29     175.00      85.43      89.57     24968.68
      42       4.29     175.00      85.74      89.26     24882.94
      43       4.29     175.00      86.04      88.96     24796.90
      44       4.29     175.00      86.35      88.65     24710.55
      45       4.29     175.00      86.66      88.34     24623.89
      46       4.29     175.00      86.97      88.03     24536.92
      47       4.29     175.00      87.28      87.72     24449.64
      48       4.29     175.00      87.59      87.41     24362.05
      49       4.29     175.00      87.91      87.09     24274.14
      50       4.29     175.00      88.22      86.78     24185.92
      51       4.29     175.00      88.54      86.46     24097.39
      52       4.29     175.00      88.85      86.15     24008.53
      53       4.29     175.00      89.17      85.83     23919.37
      54       4.29     175.00      89.49      85.51     23829.88
      55       4.29     175.00      89.81      85.19     23740.07
      56       4.29     175.00      90.13      84.87     23649.94
      57       4.29     175.00      90.45      84.55     23559.49
      58       4.29     175.00      90.77      84.23     23468.71
      59       4.29     175.00      91.10      83.90     23377.61
      60       4.29     175.00      91.43      83.57     23286.19
      61       4.29     175.00      91.75      83.25     23194.44
      62       4.29     175.00      92.08      82.92     23102.36
      63       4.29     175.00      92.41      82.59     23009.95
      64       4.29     175.00      92.74      82.26     22917.21
      65       4.29     175.00      93.07      81.93     22824.14
      66       4.29     175.00      93.40      81.60     22730.73
      67       4.29     175.00      93.74      81.26     22637.00
      68       4.29     175.00      94.07      80.93     22542.92
      69       4.29     175.00      94.41      80.59     22448.51
      70       4.29     175.00      94.75      80.25     22353.77
      71       4.29     175.00      95.09      79.91     22258.68
      72       4.29     175.00      95.43      79.57     22163.26
      73       4.29     175.00      95.77      79.23     22067.49
      74       4.29     175.00      96.11      78.89     21971.38
      75       4.29     175.00      96.45      78.55     21874.93
      76       4.29     175.00      96.80      78.20     21778.13
      77       4.29     175.00      97.14      77.86     21680.99
      78       4.29     175.00      97.49      77.51     21583.50
      79       4.29     175.00      97.84      77.16     21485.66
      80       4.29     175.00      98.19      76.81     21387.47
      81       4.29     175.00      98.54      76.46     21288.93
      82       4.29     175.00      98.89      76.11     21190.04
      83       4.29     175.00      99.25      75.75     21090.79
      84       4.29     175.00      99.60      75.40     20991.19
      85       4.29     175.00      99.96      75.04     20891.24
      86       4.29     175.00     100.31      74.69     20790.92
      87       4.29     175.00     100.67      74.33     20690.25
      88       4.29     175.00     101.03      73.97     20589.22
      89       4.29     175.00     101.39      73.61     20487.83
      90       4.29     175.00     101.76      73.24     20386.07
      91       4.29     175.00     102.12      72.88     20283.95
      92       4.29     175.00     102.48      72.52     20181.46
      93       4.29     175.00     102.85      72.15     20078.61
      94       4.29     175.00     103.22      71.78     19975.39
      95       4.29     175.00     103.59      71.41     19871.81
      96       4.29     175.00     103.96      71.04     19767.85
      97       4.29     175.00     104.33      70.67     19663.52
      98       4.29     175.00     104.70      70.30     19558.81
      99       4.29     175.00     105.08      69.92     19453.74
     100       4.29     175.00     105.45      69.55     19348.28
     101       4.29     175.00     105.83      69.17     19242.45
     102       4.29     175.00     106.21      68.79     19136.25
     103       4.29     175.00     106.59      68.41     19029.66
     104       4.29     175.00     106.97      68.03     18922.69
     105       4.29     175.00     107.35      67.65     18815.34
     106       4.29     175.00     107.74      67.26     18707.60
     107       4.29     175.00     108.12      66.88     18599.48
     108       4.29     175.00     108.51      66.49     18490.98
     109       4.29     175.00     108.89      66.11     18382.08
     110       4.29     175.00     109.28      65.72     18272.80
     111       4.29     175.00     109.67      65.33     18163.12
     112       4.29     175.00     110.07      64.93     18053.06
     113       4.29     175.00     110.46      64.54     17942.60
     114       4.29     175.00     110.86      64.14     17831.74
     115       4.29     175.00     111.25      63.75     17720.49
     116       4.29     175.00     111.65      63.35     17608.84
     117       4.29     175.00     112.05      62.95     17496.79
     118       4.29     175.00     112.45      62.55     17384.34
     119       4.29     175.00     112.85      62.15     17271.49
     120       4.29     175.00     113.25      61.75     17158.24
     121       4.29     175.00     113.66      61.34     17044.58
     122       4.29     175.00     114.07      60.93     16930.51
     123       4.29     175.00     114.47      60.53     16816.04
     124       4.29     175.00     114.88      60.12     16701.16
     125       4.29     175.00     115.29      59.71     16585.86
     126       4.29     175.00     115.71      59.29     16470.16
     127       4.29     175.00     116.12      58.88     16354.04
     128       4.29     175.00     116.53      58.47     16237.50
     129       4.29     175.00     116.95      58.05     16120.55
     130       4.29     175.00     117.37      57.63     16003.18
     131       4.29     175.00     117.79      57.21     15885.39
     132       4.29     175.00     118.21      56.79     15767.18
     133       4.29     175.00     118.63      56.37     15648.55
     134       4.29     175.00     119.06      55.94     15529.50
     135       4.29     175.00     119.48      55.52     15410.01
     136       4.29     175.00     119.91      55.09     15290.10
     137       4.29     175.00     120.34      54.66     15169.77
     138       4.29     175.00     120.77      54.23     15049.00
     139       4.29     175.00     121.20      53.80     14927.80
     140       4.29     175.00     121.63      53.37     14806.17
     141       4.29     175.00     122.07      52.93     14684.10
     142       4.29     175.00     122.50      52.50     14561.59
     143       4.29     175.00     122.94      52.06     14438.65
     144       4.29     175.00     123.38      51.62     14315.27
     145       4.29     175.00     123.82      51.18     14191.45
     146       4.29     175.00     124.27      50.73     14067.18
     147       4.29     175.00     124.71      50.29     13942.47
     148       4.29     175.00     125.16      49.84     13817.32
     149       4.29     175.00     125.60      49.40     13691.71
     150       4.29     175.00     126.05      48.95     13565.66
     151       4.29     175.00     126.50      48.50     13439.16
     152       4.29     175.00     126.96      48.04     13312.20
     153       4.29     175.00     127.41      47.59     13184.79
     154       4.29     175.00     127.86      47.14     13056.93
     155       4.29     175.00     128.32      46.68     12928.61
     156       4.29     175.00     128.78      46.22     12799.83
     157       4.29     175.00     129.24      45.76     12670.59
     158       4.29     175.00     129.70      45.30     12540.88
     159       4.29     175.00     130.17      44.83     12410.72
     160       4.29     175.00     130.63      44.37     12280.09
     161       4.29     175.00     131.10      43.90     12148.99
     162       4.29     175.00     131.57      43.43     12017.42
     163       4.29     175.00     132.04      42.96     11885.38
     164       4.29     175.00     132.51      42.49     11752.87
     165       4.29     175.00     132.98      42.02     11619.89
     166       4.29     175.00     133.46      41.54     11486.43
     167       4.29     175.00     133.94      41.06     11352.49
     168       4.29     175.00     134.41      40.59     11218.08
     169       4.29     175.00     134.90      40.10     11083.18
     170       4.29     175.00     135.38      39.62     10947.81
     171       4.29     175.00     135.86      39.14     10811.95
     172       4.29     175.00     136.35      38.65     10675.60
     173       4.29     175.00     136.83      38.17     10538.76
     174       4.29     175.00     137.32      37.68     10401.44
     175       4.29     175.00     137.81      37.19     10263.62
     176       4.29     175.00     138.31      36.69     10125.32
     177       4.29     175.00     138.80      36.20      9986.51
     178       4.29     175.00     139.30      35.70      9847.22
     179       4.29     175.00     139.80      35.20      9707.42
     180       4.29     175.00     140.30      34.70      9567.12
     181       4.29     175.00     140.80      34.20      9426.33
     182       4.29     175.00     141.30      33.70      9285.03
     183       4.29     175.00     141.81      33.19      9143.22
     184       4.29     175.00     142.31      32.69      9000.91
     185       4.29     175.00     142.82      32.18      8858.09
     186       4.29     175.00     143.33      31.67      8714.75
     187       4.29     175.00     143.84      31.16      8570.91
     188       4.29     175.00     144.36      30.64      8426.55
     189       4.29     175.00     144.88      30.12      8281.67
     190       4.29     175.00     145.39      29.61      8136.28
     191       4.29     175.00     145.91      29.09      7990.37
     192       4.29     175.00     146.43      28.57      7843.93
     193       4.29     175.00     146.96      28.04      7696.98
     194       4.29     175.00     147.48      27.52      7549.49
     195       4.29     175.00     148.01      26.99      7401.48
     196       4.29     175.00     148.54      26.46      7252.94
     197       4.29     175.00     149.07      25.93      7103.87
     198       4.29     175.00     149.60      25.40      6954.27
     199       4.29     175.00     150.14      24.86      6804.13
     200       4.29     175.00     150.68      24.32      6653.45
     201       4.29     175.00     151.21      23.79      6502.24
     202       4.29     175.00     151.75      23.25      6350.49
     203       4.29     175.00     152.30      22.70      6198.19
     204       4.29     175.00     152.84      22.16      6045.35
     205       4.29     175.00     153.39      21.61      5891.96
     206       4.29     175.00     153.94      21.06      5738.02
     207       4.29     175.00     154.49      20.51      5583.54
     208       4.29     175.00     155.04      19.96      5428.50
     209       4.29     175.00     155.59      19.41      5272.90
     210       4.29     175.00     156.15      18.85      5116.76
     211       4.29     175.00     156.71      18.29      4960.05
     212       4.29     175.00     157.27      17.73      4802.78
     213       4.29     175.00     157.83      17.17      4644.95
     214       4.29     175.00     158.39      16.61      4486.56
     215       4.29     175.00     158.96      16.04      4327.59
     216       4.29     175.00     159.53      15.47      4168.07
     217       4.29     175.00     160.10      14.90      4007.97
     218       4.29     175.00     160.67      14.33      3847.30
     219       4.29     175.00     161.25      13.75      3686.05
     220       4.29     175.00     161.82      13.18      3524.23
     221       4.29     175.00     162.40      12.60      3361.83
     222       4.29     175.00     162.98      12.02      3198.84
     223       4.29     175.00     163.56      11.44      3035.28
     224       4.29     175.00     164.15      10.85      2871.13
     225       4.29     175.00     164.74      10.26      2706.40
     226       4.29     175.00     165.32       9.68      2541.07
     227       4.29     175.00     165.92       9.08      2375.16
     228       4.29     175.00     166.51       8.49      2208.65
     229       4.29     175.00     167.10       7.90      2041.54
     230       4.29     175.00     167.70       7.30      1873.84
     231       4.29     175.00     168.30       6.70      1705.54
     232       4.29     175.00     168.90       6.10      1536.64
     233       4.29     175.00     169.51       5.49      1367.13
     234       4.29     175.00     170.11       4.89      1197.02
     235       4.29     175.00     170.72       4.28      1026.30
     236       4.29     175.00     171.33       3.67       854.97
     237       4.29     175.00     171.94       3.06       683.02
     238       4.29     175.00     172.56       2.44       510.47
     239       4.29     175.00     173.18       1.82       337.29
     240       4.29     175.00     173.79       1.21       163.50
     241       4.29     175.00     174.42       0.58       -10.92
Payoff takes      241 months

Loan amount, monthly payments, yearly rate 28233.00  200.00    4.29
Columns are month, rate, payment, payment on principal, interest paid, and remaining
       1       4.29     200.00      99.07     100.93     28133.93
       2       4.29     200.00      99.42     100.58     28034.51
       3       4.29     200.00      99.78     100.22     27934.74
       4       4.29     200.00     100.13      99.87     27834.60
       5       4.29     200.00     100.49      99.51     27734.11
       6       4.29     200.00     100.85      99.15     27633.26
       7       4.29     200.00     101.21      98.79     27532.05
       8       4.29     200.00     101.57      98.43     27430.48
       9       4.29     200.00     101.94      98.06     27328.54
      10       4.29     200.00     102.30      97.70     27226.24
      11       4.29     200.00     102.67      97.33     27123.57
      12       4.29     200.00     103.03      96.97     27020.54
      13       4.29     200.00     103.40      96.60     26917.14
      14       4.29     200.00     103.77      96.23     26813.37
      15       4.29     200.00     104.14      95.86     26709.23
      16       4.29     200.00     104.51      95.49     26604.71
      17       4.29     200.00     104.89      95.11     26499.82
      18       4.29     200.00     105.26      94.74     26394.56
      19       4.29     200.00     105.64      94.36     26288.92
      20       4.29     200.00     106.02      93.98     26182.90
      21       4.29     200.00     106.40      93.60     26076.51
      22       4.29     200.00     106.78      93.22     25969.73
      23       4.29     200.00     107.16      92.84     25862.57
      24       4.29     200.00     107.54      92.46     25755.03
      25       4.29     200.00     107.93      92.07     25647.10
      26       4.29     200.00     108.31      91.69     25538.79
      27       4.29     200.00     108.70      91.30     25430.09
      28       4.29     200.00     109.09      90.91     25321.01
      29       4.29     200.00     109.48      90.52     25211.53
      30       4.29     200.00     109.87      90.13     25101.66
      31       4.29     200.00     110.26      89.74     24991.40
      32       4.29     200.00     110.66      89.34     24880.74
      33       4.29     200.00     111.05      88.95     24769.69
      34       4.29     200.00     111.45      88.55     24658.24
      35       4.29     200.00     111.85      88.15     24546.40
      36       4.29     200.00     112.25      87.75     24434.15
      37       4.29     200.00     112.65      87.35     24321.50
      38       4.29     200.00     113.05      86.95     24208.45
      39       4.29     200.00     113.45      86.55     24095.00
      40       4.29     200.00     113.86      86.14     23981.14
      41       4.29     200.00     114.27      85.73     23866.87
      42       4.29     200.00     114.68      85.32     23752.19
      43       4.29     200.00     115.09      84.91     23637.11
      44       4.29     200.00     115.50      84.50     23521.61
      45       4.29     200.00     115.91      84.09     23405.70
      46       4.29     200.00     116.32      83.68     23289.38
      47       4.29     200.00     116.74      83.26     23172.63
      48       4.29     200.00     117.16      82.84     23055.48
      49       4.29     200.00     117.58      82.42     22937.90
      50       4.29     200.00     118.00      82.00     22819.90
      51       4.29     200.00     118.42      81.58     22701.48
      52       4.29     200.00     118.84      81.16     22582.64
      53       4.29     200.00     119.27      80.73     22463.38
      54       4.29     200.00     119.69      80.31     22343.68
      55       4.29     200.00     120.12      79.88     22223.56
      56       4.29     200.00     120.55      79.45     22103.01
      57       4.29     200.00     120.98      79.02     21982.03
      58       4.29     200.00     121.41      78.59     21860.61
      59       4.29     200.00     121.85      78.15     21738.77
      60       4.29     200.00     122.28      77.72     21616.48
      61       4.29     200.00     122.72      77.28     21493.76
      62       4.29     200.00     123.16      76.84     21370.60
      63       4.29     200.00     123.60      76.40     21247.00
      64       4.29     200.00     124.04      75.96     21122.96
      65       4.29     200.00     124.49      75.51     20998.47
      66       4.29     200.00     124.93      75.07     20873.54
      67       4.29     200.00     125.38      74.62     20748.17
      68       4.29     200.00     125.83      74.17     20622.34
      69       4.29     200.00     126.28      73.72     20496.06
      70       4.29     200.00     126.73      73.27     20369.34
      71       4.29     200.00     127.18      72.82     20242.16
      72       4.29     200.00     127.63      72.37     20114.52
      73       4.29     200.00     128.09      71.91     19986.43
      74       4.29     200.00     128.55      71.45     19857.89
      75       4.29     200.00     129.01      70.99     19728.88
      76       4.29     200.00     129.47      70.53     19599.41
      77       4.29     200.00     129.93      70.07     19469.48
      78       4.29     200.00     130.40      69.60     19339.08
      79       4.29     200.00     130.86      69.14     19208.22
      80       4.29     200.00     131.33      68.67     19076.89
      81       4.29     200.00     131.80      68.20     18945.09
      82       4.29     200.00     132.27      67.73     18812.81
      83       4.29     200.00     132.74      67.26     18680.07
      84       4.29     200.00     133.22      66.78     18546.85
      85       4.29     200.00     133.70      66.30     18413.16
      86       4.29     200.00     134.17      65.83     18278.98
      87       4.29     200.00     134.65      65.35     18144.33
      88       4.29     200.00     135.13      64.87     18009.20
      89       4.29     200.00     135.62      64.38     17873.58
      90       4.29     200.00     136.10      63.90     17737.48
      91       4.29     200.00     136.59      63.41     17600.89
      92       4.29     200.00     137.08      62.92     17463.81
      93       4.29     200.00     137.57      62.43     17326.25
      94       4.29     200.00     138.06      61.94     17188.19
      95       4.29     200.00     138.55      61.45     17049.63
      96       4.29     200.00     139.05      60.95     16910.59
      97       4.29     200.00     139.54      60.46     16771.04
      98       4.29     200.00     140.04      59.96     16631.00
      99       4.29     200.00     140.54      59.46     16490.45
     100       4.29     200.00     141.05      58.95     16349.41
     101       4.29     200.00     141.55      58.45     16207.86
     102       4.29     200.00     142.06      57.94     16065.80
     103       4.29     200.00     142.56      57.44     15923.24
     104       4.29     200.00     143.07      56.93     15780.16
     105       4.29     200.00     143.59      56.41     15636.58
     106       4.29     200.00     144.10      55.90     15492.48
     107       4.29     200.00     144.61      55.39     15347.86
     108       4.29     200.00     145.13      54.87     15202.73
     109       4.29     200.00     145.65      54.35     15057.08
     110       4.29     200.00     146.17      53.83     14910.91
     111       4.29     200.00     146.69      53.31     14764.22
     112       4.29     200.00     147.22      52.78     14617.00
     113       4.29     200.00     147.74      52.26     14469.25
     114       4.29     200.00     148.27      51.73     14320.98
     115       4.29     200.00     148.80      51.20     14172.18
     116       4.29     200.00     149.33      50.67     14022.84
     117       4.29     200.00     149.87      50.13     13872.98
     118       4.29     200.00     150.40      49.60     13722.57
     119       4.29     200.00     150.94      49.06     13571.63
     120       4.29     200.00     151.48      48.52     13420.15
     121       4.29     200.00     152.02      47.98     13268.13
     122       4.29     200.00     152.57      47.43     13115.56
     123       4.29     200.00     153.11      46.89     12962.45
     124       4.29     200.00     153.66      46.34     12808.79
     125       4.29     200.00     154.21      45.79     12654.58
     126       4.29     200.00     154.76      45.24     12499.82
     127       4.29     200.00     155.31      44.69     12344.51
     128       4.29     200.00     155.87      44.13     12188.64
     129       4.29     200.00     156.43      43.57     12032.21
     130       4.29     200.00     156.98      43.02     11875.23
     131       4.29     200.00     157.55      42.45     11717.68
     132       4.29     200.00     158.11      41.89     11559.57
     133       4.29     200.00     158.67      41.33     11400.90
     134       4.29     200.00     159.24      40.76     11241.66
     135       4.29     200.00     159.81      40.19     11081.84
     136       4.29     200.00     160.38      39.62     10921.46
     137       4.29     200.00     160.96      39.04     10760.51
     138       4.29     200.00     161.53      38.47     10598.98
     139       4.29     200.00     162.11      37.89     10436.87
     140       4.29     200.00     162.69      37.31     10274.18
     141       4.29     200.00     163.27      36.73     10110.91
     142       4.29     200.00     163.85      36.15      9947.05
     143       4.29     200.00     164.44      35.56      9782.62
     144       4.29     200.00     165.03      34.97      9617.59
     145       4.29     200.00     165.62      34.38      9451.97
     146       4.29     200.00     166.21      33.79      9285.76
     147       4.29     200.00     166.80      33.20      9118.96
     148       4.29     200.00     167.40      32.60      8951.56
     149       4.29     200.00     168.00      32.00      8783.56
     150       4.29     200.00     168.60      31.40      8614.96
     151       4.29     200.00     169.20      30.80      8445.76
     152       4.29     200.00     169.81      30.19      8275.95
     153       4.29     200.00     170.41      29.59      8105.54
     154       4.29     200.00     171.02      28.98      7934.52
     155       4.29     200.00     171.63      28.37      7762.88
     156       4.29     200.00     172.25      27.75      7590.64
     157       4.29     200.00     172.86      27.14      7417.77
     158       4.29     200.00     173.48      26.52      7244.29
     159       4.29     200.00     174.10      25.90      7070.19
     160       4.29     200.00     174.72      25.28      6895.47
     161       4.29     200.00     175.35      24.65      6720.12
     162       4.29     200.00     175.98      24.02      6544.14
     163       4.29     200.00     176.60      23.40      6367.54
     164       4.29     200.00     177.24      22.76      6190.30
     165       4.29     200.00     177.87      22.13      6012.43
     166       4.29     200.00     178.51      21.49      5833.93
     167       4.29     200.00     179.14      20.86      5654.78
     168       4.29     200.00     179.78      20.22      5475.00
     169       4.29     200.00     180.43      19.57      5294.57
     170       4.29     200.00     181.07      18.93      5113.50
     171       4.29     200.00     181.72      18.28      4931.78
     172       4.29     200.00     182.37      17.63      4749.41
     173       4.29     200.00     183.02      16.98      4566.39
     174       4.29     200.00     183.68      16.32      4382.71
     175       4.29     200.00     184.33      15.67      4198.38
     176       4.29     200.00     184.99      15.01      4013.39
     177       4.29     200.00     185.65      14.35      3827.74
     178       4.29     200.00     186.32      13.68      3641.42
     179       4.29     200.00     186.98      13.02      3454.44
     180       4.29     200.00     187.65      12.35      3266.79
     181       4.29     200.00     188.32      11.68      3078.47
     182       4.29     200.00     188.99      11.01      2889.48
     183       4.29     200.00     189.67      10.33      2699.81
     184       4.29     200.00     190.35       9.65      2509.46
     185       4.29     200.00     191.03       8.97      2318.43
     186       4.29     200.00     191.71       8.29      2126.72
     187       4.29     200.00     192.40       7.60      1934.32
     188       4.29     200.00     193.08       6.92      1741.24
     189       4.29     200.00     193.78       6.22      1547.46
     190       4.29     200.00     194.47       5.53      1352.99
     191       4.29     200.00     195.16       4.84      1157.83
     192       4.29     200.00     195.86       4.14       961.97
     193       4.29     200.00     196.56       3.44       765.41
     194       4.29     200.00     197.26       2.74       568.14
     195       4.29     200.00     197.97       2.03       370.18
     196       4.29     200.00     198.68       1.32       171.50
     197       4.29     200.00     199.39       0.61       -27.89
Payoff takes      197 months

Loan amount, monthly payments, yearly rate 28233.00  225.00    4.29
Columns are month, rate, payment, payment on principal, interest paid, and remaining
       1       4.29     225.00     124.07     100.93     28108.93
       2       4.29     225.00     124.51     100.49     27984.42
       3       4.29     225.00     124.96     100.04     27859.47
       4       4.29     225.00     125.40      99.60     27734.06
       5       4.29     225.00     125.85      99.15     27608.21
       6       4.29     225.00     126.30      98.70     27481.91
       7       4.29     225.00     126.75      98.25     27355.16
       8       4.29     225.00     127.21      97.79     27227.96
       9       4.29     225.00     127.66      97.34     27100.30
      10       4.29     225.00     128.12      96.88     26972.18
      11       4.29     225.00     128.57      96.43     26843.60
      12       4.29     225.00     129.03      95.97     26714.57
      13       4.29     225.00     129.50      95.50     26585.08
      14       4.29     225.00     129.96      95.04     26455.12
      15       4.29     225.00     130.42      94.58     26324.69
      16       4.29     225.00     130.89      94.11     26193.80
      17       4.29     225.00     131.36      93.64     26062.45
      18       4.29     225.00     131.83      93.17     25930.62
      19       4.29     225.00     132.30      92.70     25798.32
      20       4.29     225.00     132.77      92.23     25665.55
      21       4.29     225.00     133.25      91.75     25532.31
      22       4.29     225.00     133.72      91.28     25398.58
      23       4.29     225.00     134.20      90.80     25264.38
      24       4.29     225.00     134.68      90.32     25129.70
      25       4.29     225.00     135.16      89.84     24994.54
      26       4.29     225.00     135.64      89.36     24858.90
      27       4.29     225.00     136.13      88.87     24722.77
      28       4.29     225.00     136.62      88.38     24586.15
      29       4.29     225.00     137.10      87.90     24449.05
      30       4.29     225.00     137.59      87.41     24311.45
      31       4.29     225.00     138.09      86.91     24173.37
      32       4.29     225.00     138.58      86.42     24034.79
      33       4.29     225.00     139.08      85.92     23895.71
      34       4.29     225.00     139.57      85.43     23756.14
      35       4.29     225.00     140.07      84.93     23616.07
      36       4.29     225.00     140.57      84.43     23475.49
      37       4.29     225.00     141.08      83.92     23334.42
      38       4.29     225.00     141.58      83.42     23192.84
      39       4.29     225.00     142.09      82.91     23050.75
      40       4.29     225.00     142.59      82.41     22908.16
      41       4.29     225.00     143.10      81.90     22765.06
      42       4.29     225.00     143.61      81.39     22621.44
      43       4.29     225.00     144.13      80.87     22477.31
      44       4.29     225.00     144.64      80.36     22332.67
      45       4.29     225.00     145.16      79.84     22187.51
      46       4.29     225.00     145.68      79.32     22041.83
      47       4.29     225.00     146.20      78.80     21895.63
      48       4.29     225.00     146.72      78.28     21748.91
      49       4.29     225.00     147.25      77.75     21601.66
      50       4.29     225.00     147.77      77.23     21453.88
      51       4.29     225.00     148.30      76.70     21305.58
      52       4.29     225.00     148.83      76.17     21156.75
      53       4.29     225.00     149.36      75.64     21007.38
      54       4.29     225.00     149.90      75.10     20857.49
      55       4.29     225.00     150.43      74.57     20707.05
      56       4.29     225.00     150.97      74.03     20556.08
      57       4.29     225.00     151.51      73.49     20404.57
      58       4.29     225.00     152.05      72.95     20252.51
      59       4.29     225.00     152.60      72.40     20099.92
      60       4.29     225.00     153.14      71.86     19946.77
      61       4.29     225.00     153.69      71.31     19793.08
      62       4.29     225.00     154.24      70.76     19638.84
      63       4.29     225.00     154.79      70.21     19484.05
      64       4.29     225.00     155.34      69.66     19328.71
      65       4.29     225.00     155.90      69.10     19172.81
      66       4.29     225.00     156.46      68.54     19016.35
      67       4.29     225.00     157.02      67.98     18859.33
      68       4.29     225.00     157.58      67.42     18701.76
      69       4.29     225.00     158.14      66.86     18543.62
      70       4.29     225.00     158.71      66.29     18384.91
      71       4.29     225.00     159.27      65.73     18225.63
      72       4.29     225.00     159.84      65.16     18065.79
      73       4.29     225.00     160.41      64.59     17905.38
      74       4.29     225.00     160.99      64.01     17744.39
      75       4.29     225.00     161.56      63.44     17582.82
      76       4.29     225.00     162.14      62.86     17420.68
      77       4.29     225.00     162.72      62.28     17257.96
      78       4.29     225.00     163.30      61.70     17094.66
      79       4.29     225.00     163.89      61.11     16930.77
      80       4.29     225.00     164.47      60.53     16766.30
      81       4.29     225.00     165.06      59.94     16601.24
      82       4.29     225.00     165.65      59.35     16435.59
      83       4.29     225.00     166.24      58.76     16269.35
      84       4.29     225.00     166.84      58.16     16102.51
      85       4.29     225.00     167.43      57.57     15935.08
      86       4.29     225.00     168.03      56.97     15767.04
      87       4.29     225.00     168.63      56.37     15598.41
      88       4.29     225.00     169.24      55.76     15429.18
      89       4.29     225.00     169.84      55.16     15259.33
      90       4.29     225.00     170.45      54.55     15088.89
      91       4.29     225.00     171.06      53.94     14917.83
      92       4.29     225.00     171.67      53.33     14746.16
      93       4.29     225.00     172.28      52.72     14573.88
      94       4.29     225.00     172.90      52.10     14400.98
      95       4.29     225.00     173.52      51.48     14227.46
      96       4.29     225.00     174.14      50.86     14053.33
      97       4.29     225.00     174.76      50.24     13878.57
      98       4.29     225.00     175.38      49.62     13703.18
      99       4.29     225.00     176.01      48.99     13527.17
     100       4.29     225.00     176.64      48.36     13350.53
     101       4.29     225.00     177.27      47.73     13173.26
     102       4.29     225.00     177.91      47.09     12995.35
     103       4.29     225.00     178.54      46.46     12816.81
     104       4.29     225.00     179.18      45.82     12637.63
     105       4.29     225.00     179.82      45.18     12457.81
     106       4.29     225.00     180.46      44.54     12277.35
     107       4.29     225.00     181.11      43.89     12096.24
     108       4.29     225.00     181.76      43.24     11914.48
     109       4.29     225.00     182.41      42.59     11732.08
     110       4.29     225.00     183.06      41.94     11549.02
     111       4.29     225.00     183.71      41.29     11365.31
     112       4.29     225.00     184.37      40.63     11180.94
     113       4.29     225.00     185.03      39.97     10995.91
     114       4.29     225.00     185.69      39.31     10810.22
     115       4.29     225.00     186.35      38.65     10623.87
     116       4.29     225.00     187.02      37.98     10436.85
     117       4.29     225.00     187.69      37.31     10249.16
     118       4.29     225.00     188.36      36.64     10060.80
     119       4.29     225.00     189.03      35.97      9871.77
     120       4.29     225.00     189.71      35.29      9682.06
     121       4.29     225.00     190.39      34.61      9491.67
     122       4.29     225.00     191.07      33.93      9300.61
     123       4.29     225.00     191.75      33.25      9108.86
     124       4.29     225.00     192.44      32.56      8916.42
     125       4.29     225.00     193.12      31.88      8723.30
     126       4.29     225.00     193.81      31.19      8529.48
     127       4.29     225.00     194.51      30.49      8334.97
     128       4.29     225.00     195.20      29.80      8139.77
     129       4.29     225.00     195.90      29.10      7943.87
     130       4.29     225.00     196.60      28.40      7747.27
     131       4.29     225.00     197.30      27.70      7549.97
     132       4.29     225.00     198.01      26.99      7351.96
     133       4.29     225.00     198.72      26.28      7153.24
     134       4.29     225.00     199.43      25.57      6953.82
     135       4.29     225.00     200.14      24.86      6753.67
     136       4.29     225.00     200.86      24.14      6552.82
     137       4.29     225.00     201.57      23.43      6351.25
     138       4.29     225.00     202.29      22.71      6148.95
     139       4.29     225.00     203.02      21.98      5945.93
     140       4.29     225.00     203.74      21.26      5742.19
     141       4.29     225.00     204.47      20.53      5537.72
     142       4.29     225.00     205.20      19.80      5332.52
     143       4.29     225.00     205.94      19.06      5126.58
     144       4.29     225.00     206.67      18.33      4919.91
     145       4.29     225.00     207.41      17.59      4712.50
     146       4.29     225.00     208.15      16.85      4504.34
     147       4.29     225.00     208.90      16.10      4295.45
     148       4.29     225.00     209.64      15.36      4085.80
     149       4.29     225.00     210.39      14.61      3875.41
     150       4.29     225.00     211.15      13.85      3664.26
     151       4.29     225.00     211.90      13.10      3452.36
     152       4.29     225.00     212.66      12.34      3239.71
     153       4.29     225.00     213.42      11.58      3026.29
     154       4.29     225.00     214.18      10.82      2812.11
     155       4.29     225.00     214.95      10.05      2597.16
     156       4.29     225.00     215.72       9.28      2381.44
     157       4.29     225.00     216.49       8.51      2164.96
     158       4.29     225.00     217.26       7.74      1947.70
     159       4.29     225.00     218.04       6.96      1729.66
     160       4.29     225.00     218.82       6.18      1510.84
     161       4.29     225.00     219.60       5.40      1291.25
     162       4.29     225.00     220.38       4.62      1070.86
     163       4.29     225.00     221.17       3.83       849.69
     164       4.29     225.00     221.96       3.04       627.73
     165       4.29     225.00     222.76       2.24       404.97
     166       4.29     225.00     223.55       1.45       181.42
     167       4.29     225.00     224.35       0.65       -42.93
Payoff takes      167 months

